0.0004 -0.0475507 
0.0008 -0.0474799 
0.0012 -0.0475035 
0.0016 -0.0476022 
0.002 -0.0476232 
0.0024 -0.0476041 
0.0028 -0.047687 
0.0032 -0.0477485 
0.0036 -0.0477498 
0.004 -0.0477272 
0.0044 -0.0476647 
0.0048 -0.0476627 
0.0052 -0.0476903 
0.0056 -0.0476168 
0.006 -0.0476193 
0.0064 -0.0475926 
0.0068 -0.0475628 
0.0072 -0.0475784 
0.0076 -0.0475192 
0.008 -0.0475004 
0.0084 -0.0475166 
0.0088 -0.0474773 
0.0092 -0.0474663 
0.0096 -0.0474224 
0.01 -0.0473664 
0.0104 -0.0473608 
0.0108 -0.0473614 
0.0112 -0.0472715 
0.0116 -0.0472798 
0.012 -0.0472728 
0.0124 -0.0473067 
0.0128 -0.0472987 
0.0132 -0.0472645 
0.0136 -0.0472926 
0.014 -0.0473347 
0.0144 -0.0472831 
0.0148 -0.0472641 
0.0152 -0.0472485 
0.0156 -0.0472068 
0.016 -0.04718 
0.0164 -0.0471726 
0.0168 -0.047148 
0.0172 -0.0472255 
0.0176 -0.047215 
0.018 -0.0472281 
0.0184 -0.0472624 
0.0188 -0.0472644 
0.0192 -0.0471909 
0.0196 -0.0471688 
0.02 -0.0470601 
0.0204 -0.0470508 
0.0208 -0.0470269 
0.0212 -0.0469945 
0.0216 -0.0469692 
0.022 -0.0469465 
0.0224 -0.0468617 
0.0228 -0.0468621 
0.0232 -0.0469287 
0.0236 -0.046873 
0.024 -0.0469354 
0.0244 -0.0469779 
0.0248 -0.0469382 
0.0252 -0.0469191 
0.0256 -0.0468159 
0.026 -0.0467187 
0.0264 -0.0466585 
0.0268 -0.0466148 
0.0272 -0.0466329 
0.0276 -0.0466652 
0.028 -0.0466268 
0.0284 -0.0465981 
0.0288 -0.0466404 
0.0292 -0.0466213 
0.0296 -0.0465357 
0.03 -0.0464675 
0.0304 -0.0463461 
0.0308 -0.0462149 
0.0312 -0.0461587 
0.0316 -0.04609 
0.032 -0.046091 
0.0324 -0.0460207 
0.0328 -0.0459166 
0.0332 -0.0457715 
0.0336 -0.0455839 
0.034 -0.0452509 
0.0344 -0.0448134 
0.0348 -0.0443234 
0.0352 -0.043929 
0.0356 -0.0436085 
0.036 -0.043364 
0.0364 -0.0432228 
0.0368 -0.0431644 
0.0372 -0.0431384 
0.0376 -0.0432162 
0.038 -0.0433357 
0.0384 -0.043428 
0.0388 -0.043585 
0.0392 -0.0437322 
0.0396 -0.0438116 
0.04 -0.0439275 
0.0404 -0.0439937 
0.0408 -0.0439544 
0.0412 -0.0439445 
0.0416 -0.0440067 
0.042 -0.0439885 
0.0424 -0.0440085 
0.0428 -0.0440563 
0.0432 -0.0441304 
0.0436 -0.0441691 
0.044 -0.0441583 
0.0444 -0.0442571 
0.0448 -0.0443463 
0.0452 -0.0444072 
0.0456 -0.0444387 
0.046 -0.0444615 
0.0464 -0.0444975 
0.0468 -0.0446269 
0.0472 -0.0447654 
0.0476 -0.0448759 
0.048 -0.0449364 
0.0484 -0.0450175 
0.0488 -0.0450923 
0.0492 -0.0452178 
0.0496 -0.0452568 
0.05 -0.045323 
0.0504 -0.0454514 
0.0508 -0.0455552 
0.0512 -0.0457337 
0.0516 -0.0458704 
0.052 -0.0458858 
0.0524 -0.0459092 
0.0528 -0.0460418 
0.0532 -0.0461111 
0.0536 -0.0461886 
0.054 -0.0462671 
0.0544 -0.0463169 
0.0548 -0.0463729 
0.0552 -0.0463658 
0.0556 -0.046373 
0.056 -0.0465206 
0.0564 -0.046609 
0.0568 -0.0466049 
0.0572 -0.0466768 
0.0576 -0.0467145 
0.058 -0.0467269 
0.0584 -0.0467458 
0.0588 -0.046722 
0.0592 -0.0467052 
0.0596 -0.0466748 
0.06 -0.0465619 
0.0604 -0.0465065 
0.0608 -0.0465389 
0.0612 -0.0465006 
0.0616 -0.046517 
0.062 -0.0465156 
0.0624 -0.0465394 
0.0628 -0.0465949 
0.0632 -0.0465982 
0.0636 -0.0466086 
0.064 -0.0466793 
0.0644 -0.0466788 
0.0648 -0.046701 
0.0652 -0.0467503 
0.0656 -0.0467792 
0.066 -0.0467888 
0.0664 -0.0468689 
0.0668 -0.0468804 
0.0672 -0.0469919 
0.0676 -0.0471146 
0.068 -0.0471499 
0.0684 -0.0471894 
0.0688 -0.0471836 
0.0692 -0.0471607 
0.0696 -0.0472604 
0.07 -0.0473334 
0.0704 -0.0473526 
0.0708 -0.0474054 
0.0712 -0.0473919 
0.0716 -0.0473971 
0.072 -0.0474202 
0.0724 -0.0473811 
0.0728 -0.0473906 
0.0732 -0.0474991 
0.0736 -0.0474213 
0.074 -0.0473662 
0.0744 -0.0473666 
0.0748 -0.0472607 
0.0752 -0.0472766 
0.0756 -0.0472663 
0.076 -0.0472179 
0.0764 -0.047267 
0.0768 -0.0473028 
0.0772 -0.0473514 
0.0776 -0.0473647 
0.078 -0.0473411 
0.0784 -0.0473656 
0.0788 -0.0473671 
0.0792 -0.0472963 
0.0796 -0.0472454 
0.08 -0.0473004 
0.0804 -0.0472261 
0.0808 -0.0471931 
0.0812 -0.0471695 
0.0816 -0.0471711 
0.082 -0.047241 
0.0824 -0.0473092 
0.0828 -0.0472913 
0.0832 -0.0473246 
0.0836 -0.0473746 
0.084 -0.0474004 
0.0844 -0.0474146 
0.0848 -0.0474487 
0.0852 -0.047439 
0.0856 -0.0474504 
0.086 -0.0474365 
0.0864 -0.0474361 
0.0868 -0.0473983 
0.0872 -0.0474003 
0.0876 -0.0474467 
0.088 -0.0474954 
0.0884 -0.0474421 
0.0888 -0.0474737 
0.0892 -0.0475651 
0.0896 -0.0476004 
0.09 -0.0476417 
0.0904 -0.0476958 
0.0908 -0.047627 
0.0912 -0.04759 
0.0916 -0.0475271 
0.092 -0.0474479 
0.0924 -0.0473848 
0.0928 -0.0472553 
0.0932 -0.0471217 
0.0936 -0.0470486 
0.094 -0.0470032 
0.0944 -0.0470284 
0.0948 -0.0470927 
0.0952 -0.0471058 
0.0956 -0.0471526 
0.096 -0.0472511 
0.0964 -0.0472742 
0.0968 -0.0472696 
0.0972 -0.0472248 
0.0976 -0.0472321 
0.098 -0.0472253 
0.0984 -0.0471679 
0.0988 -0.0470818 
0.0992 -0.047039 
0.0996 -0.0469981 
0.1 -0.0469922 
0.1004 -0.0470091 
0.1008 -0.0469815 
0.1012 -0.0470793 
0.1016 -0.0471295 
0.102 -0.0470431 
0.1024 -0.0470258 
0.1028 -0.0469878 
0.1032 -0.0469378 
0.1036 -0.0468908 
0.104 -0.0468024 
0.1044 -0.0466903 
0.1048 -0.0466507 
0.1052 -0.0465815 
0.1056 -0.0465649 
0.106 -0.0466161 
0.1064 -0.0466407 
0.1068 -0.0466366 
0.1072 -0.0466506 
0.1076 -0.0466047 
0.108 -0.0465161 
0.1084 -0.0464789 
0.1088 -0.0463344 
0.1092 -0.0462997 
0.1096 -0.0462457 
0.11 -0.0461605 
0.1104 -0.0461665 
0.1108 -0.0462436 
0.1112 -0.0462156 
0.1116 -0.046181 
0.112 -0.0460016 
0.1124 -0.0459071 
0.1128 -0.0458518 
0.1132 -0.0457321 
0.1136 -0.0456049 
0.114 -0.0453817 
0.1144 -0.0449314 
0.1148 -0.0444028 
0.1152 -0.0439547 
0.1156 -0.0435498 
0.116 -0.0432706 
0.1164 -0.0430636 
0.1168 -0.0429144 
0.1172 -0.0428791 
0.1176 -0.042889 
0.118 -0.0429466 
0.1184 -0.0431203 
0.1188 -0.0431906 
0.1192 -0.0431997 
0.1196 -0.0432358 
0.12 -0.0433179 
0.1204 -0.0433913 
0.1208 -0.043515 
0.1212 -0.0436315 
0.1216 -0.043716 
0.122 -0.0437694 
0.1224 -0.0438157 
0.1228 -0.0437873 
0.1232 -0.0438326 
0.1236 -0.0438745 
0.124 -0.0439844 
0.1244 -0.044022 
0.1248 -0.0440809 
0.1252 -0.0441276 
0.1256 -0.0441595 
0.126 -0.0441329 
0.1264 -0.0441829 
0.1268 -0.0442212 
0.1272 -0.0443358 
0.1276 -0.0444735 
0.128 -0.044589 
0.1284 -0.0446918 
0.1288 -0.044802 
0.1292 -0.0448473 
0.1296 -0.0449254 
0.13 -0.0450798 
0.1304 -0.0451845 
0.1308 -0.0452387 
0.1312 -0.0453062 
0.1316 -0.0453525 
0.132 -0.0455701 
0.1324 -0.0456273 
0.1328 -0.0456484 
0.1332 -0.0457511 
0.1336 -0.0458815 
0.134 -0.0459406 
0.1344 -0.0461128 
0.1348 -0.0461629 
0.1352 -0.0462113 
0.1356 -0.046311 
0.136 -0.0463107 
0.1364 -0.0463286 
0.1368 -0.0463951 
0.1372 -0.0463984 
0.1376 -0.0463511 
0.138 -0.0462805 
0.1384 -0.0462939 
0.1388 -0.0463174 
0.1392 -0.0463524 
0.1396 -0.0462451 
0.14 -0.0462246 
0.1404 -0.0461783 
0.1408 -0.0461519 
0.1412 -0.046163 
0.1416 -0.046164 
0.142 -0.0461747 
0.1424 -0.0462379 
0.1428 -0.0461998 
0.1432 -0.0461212 
0.1436 -0.0462048 
0.144 -0.0461851 
0.1444 -0.0462552 
0.1448 -0.046272 
0.1452 -0.0462219 
0.1456 -0.0462439 
0.146 -0.0462738 
0.1464 -0.0462692 
0.1468 -0.0462876 
0.1472 -0.0462595 
0.1476 -0.0462469 
0.148 -0.0462652 
0.1484 -0.04625 
0.1488 -0.0462824 
0.1492 -0.0463637 
0.1496 -0.0463609 
0.15 -0.0463635 
0.1504 -0.0463819 
0.1508 -0.0463864 
0.1512 -0.0463891 
0.1516 -0.0463984 
0.152 -0.0463668 
0.1524 -0.0462691 
0.1528 -0.0462849 
0.1532 -0.0463342 
0.1536 -0.0463951 
0.154 -0.0463699 
0.1544 -0.0463016 
0.1548 -0.0462284 
0.1552 -0.0461496 
0.1556 -0.0460477 
0.156 -0.0460656 
0.1564 -0.0460467 
0.1568 -0.0460255 
0.1572 -0.0460106 
0.1576 -0.0458728 
0.158 -0.0458005 
0.1584 -0.0458132 
0.1588 -0.0458061 
0.1592 -0.0458733 
0.1596 -0.0458263 
0.16 -0.0457632 
0.1604 -0.0457424 
0.1608 -0.0457407 
0.1612 -0.0457217 
0.1616 -0.0457789 
0.162 -0.0457576 
0.1624 -0.0456858 
0.1628 -0.0456859 
0.1632 -0.0456575 
0.1636 -0.045609 
0.164 -0.0455429 
0.1644 -0.0454634 
0.1648 -0.0454364 
0.1652 -0.0455058 
0.1656 -0.0454657 
0.166 -0.0454882 
0.1664 -0.0455831 
0.1668 -0.0454864 
0.1672 -0.0454161 
0.1676 -0.0453552 
0.168 -0.0452883 
0.1684 -0.0451776 
0.1688 -0.0448701 
0.1692 -0.0444083 
0.1696 -0.0439592 
0.17 -0.0435726 
0.1704 -0.0432155 
0.1708 -0.0430333 
0.1712 -0.0428892 
0.1716 -0.042758 
0.172 -0.0426869 
0.1724 -0.0426638 
0.1728 -0.0427604 
0.1732 -0.0429522 
0.1736 -0.0430105 
0.174 -0.0430423 
0.1744 -0.0431283 
0.1748 -0.0431902 
0.1752 -0.0432207 
0.1756 -0.043233 
0.176 -0.0432369 
0.1764 -0.0433881 
0.1768 -0.0434414 
0.1772 -0.0435197 
0.1776 -0.0436553 
0.178 -0.043668 
0.1784 -0.043683 
0.1788 -0.0437344 
0.1792 -0.0437553 
0.1796 -0.0438463 
0.18 -0.0439374 
0.1804 -0.0439899 
0.1808 -0.0441146 
0.1812 -0.0441888 
0.1816 -0.0441649 
0.182 -0.0443066 
0.1824 -0.0444814 
0.1828 -0.0446049 
0.1832 -0.0447579 
0.1836 -0.0448756 
0.184 -0.0449572 
0.1844 -0.0450746 
0.1848 -0.0451882 
0.1852 -0.045309 
0.1856 -0.0454718 
0.186 -0.0455652 
0.1864 -0.0457045 
0.1868 -0.0458077 
0.1872 -0.0459007 
0.1876 -0.0459731 
0.188 -0.04597 
0.1884 -0.0459823 
0.1888 -0.046069 
0.1892 -0.0461219 
0.1896 -0.0461677 
0.19 -0.0462226 
0.1904 -0.0462285 
0.1908 -0.046244 
0.1912 -0.0462989 
0.1916 -0.0462739 
0.192 -0.0462936 
0.1924 -0.0463423 
0.1928 -0.0464245 
0.1932 -0.046454 
0.1936 -0.0464422 
0.194 -0.046441 
0.1944 -0.0464413 
0.1948 -0.0463463 
0.1952 -0.0462343 
0.1956 -0.0462185 
0.196 -0.0462114 
0.1964 -0.0462309 
0.1968 -0.0462977 
0.1972 -0.0463232 
0.1976 -0.0463122 
0.198 -0.0462902 
0.1984 -0.0463009 
0.1988 -0.0463368 
0.1992 -0.0463556 
0.1996 -0.0463648 
0.2 -0.0464239 
0.2004 -0.0465173 
0.2008 -0.0466473 
0.2012 -0.0467741 
0.2016 -0.046803 
0.202 -0.0468055 
0.2024 -0.0467842 
0.2028 -0.0468122 
0.2032 -0.0468701 
0.2036 -0.0469375 
0.204 -0.0469438 
0.2044 -0.0468974 
0.2048 -0.0469434 
0.2052 -0.0469758 
0.2056 -0.0468973 
0.206 -0.0469117 
0.2064 -0.0468539 
0.2068 -0.0469199 
0.2072 -0.0469977 
0.2076 -0.046938 
0.208 -0.0468902 
0.2084 -0.0469628 
0.2088 -0.0468936 
0.2092 -0.0467822 
0.2096 -0.0467169 
0.21 -0.0466632 
0.2104 -0.0466227 
0.2108 -0.0466334 
0.2112 -0.0466887 
0.2116 -0.0467364 
0.212 -0.0467077 
0.2124 -0.0466236 
0.2128 -0.0466249 
0.2132 -0.0466584 
0.2136 -0.0466279 
0.214 -0.0465961 
0.2144 -0.0465589 
0.2148 -0.046507 
0.2152 -0.0465339 
0.2156 -0.0464848 
0.216 -0.0465206 
0.2164 -0.0465297 
0.2168 -0.0464867 
0.2172 -0.0465273 
0.2176 -0.0465559 
0.218 -0.0466125 
0.2184 -0.0467295 
0.2188 -0.0467652 
0.2192 -0.0467172 
0.2196 -0.0467006 
0.22 -0.0466753 
0.2204 -0.0467154 
0.2208 -0.0467711 
0.2212 -0.0467437 
0.2216 -0.0467585 
0.222 -0.0467614 
0.2224 -0.046746 
0.2228 -0.0467234 
0.2232 -0.0467496 
0.2236 -0.0467171 
0.224 -0.0467343 
0.2244 -0.046664 
0.2248 -0.0465829 
0.2252 -0.0465211 
0.2256 -0.0464635 
0.226 -0.046429 
0.2264 -0.0463736 
0.2268 -0.0462615 
0.2272 -0.0461961 
0.2276 -0.0461874 
0.228 -0.0461059 
0.2284 -0.0459838 
0.2288 -0.0459301 
0.2292 -0.0458619 
0.2296 -0.0458602 
0.23 -0.0458913 
0.2304 -0.0458352 
0.2308 -0.0457407 
0.2312 -0.0456676 
0.2316 -0.0455832 
0.232 -0.0455761 
0.2324 -0.0455328 
0.2328 -0.0454516 
0.2332 -0.0454445 
0.2336 -0.0454427 
0.234 -0.0454389 
0.2344 -0.0454296 
0.2348 -0.0453772 
0.2352 -0.0452746 
0.2356 -0.0449874 
0.236 -0.0444891 
0.2364 -0.044059 
0.2368 -0.0436586 
0.2372 -0.0433205 
0.2376 -0.0430941 
0.238 -0.042929 
0.2384 -0.0428487 
0.2388 -0.0428344 
0.2392 -0.0428185 
0.2396 -0.0428224 
0.24 -0.0429008 
0.2404 -0.0429852 
0.2408 -0.0431152 
0.2412 -0.0432673 
0.2416 -0.0433774 
0.242 -0.0434979 
0.2424 -0.0436061 
0.2428 -0.0435877 
0.2432 -0.0436258 
0.2436 -0.0436695 
0.244 -0.0437216 
0.2444 -0.0438419 
0.2448 -0.0439626 
0.2452 -0.0440466 
0.2456 -0.0440749 
0.246 -0.04414 
0.2464 -0.0440995 
0.2468 -0.0441521 
0.2472 -0.0442089 
0.2476 -0.0443189 
0.248 -0.0444306 
0.2484 -0.0444996 
0.2488 -0.0445191 
0.2492 -0.0445792 
0.2496 -0.0446873 
0.25 -0.0448024 
0.2504 -0.0449673 
0.2508 -0.0451027 
0.2512 -0.0451668 
0.2516 -0.0452483 
0.252 -0.0453768 
0.2524 -0.0454347 
0.2528 -0.0455384 
0.2532 -0.0457075 
0.2536 -0.0458674 
0.254 -0.0460189 
0.2544 -0.046037 
0.2548 -0.0461517 
0.2552 -0.0462532 
0.2556 -0.0463095 
0.256 -0.046409 
0.2564 -0.0464731 
0.2568 -0.0466415 
0.2572 -0.0466772 
0.2576 -0.0466439 
0.258 -0.0465886 
0.2584 -0.0465399 
0.2588 -0.0465169 
0.2592 -0.046533 
0.2596 -0.0465366 
0.26 -0.0465106 
0.2604 -0.0465458 
0.2608 -0.0465501 
0.2612 -0.0465522 
0.2616 -0.0466255 
0.262 -0.0466442 
0.2624 -0.0466018 
0.2628 -0.0466292 
0.2632 -0.0466281 
0.2636 -0.0466787 
0.264 -0.0467168 
0.2644 -0.0467083 
0.2648 -0.0466944 
0.2652 -0.0467413 
0.2656 -0.0467554 
0.266 -0.0468152 
0.2664 -0.046924 
0.2668 -0.0469416 
0.2672 -0.0470721 
0.2676 -0.047106 
0.268 -0.0471905 
0.2684 -0.0472602 
0.2688 -0.0472288 
0.2692 -0.0472001 
0.2696 -0.0472725 
0.27 -0.0473014 
0.2704 -0.0473436 
0.2708 -0.0474057 
0.2712 -0.0474254 
0.2716 -0.0474707 
0.272 -0.0475291 
0.2724 -0.04758 
0.2728 -0.0476634 
0.2732 -0.0476882 
0.2736 -0.0477054 
0.274 -0.0477346 
0.2744 -0.0477148 
0.2748 -0.0477075 
0.2752 -0.0477332 
0.2756 -0.0477005 
0.276 -0.0476383 
0.2764 -0.0476819 
0.2768 -0.047653 
0.2772 -0.0476546 
0.2776 -0.0476409 
0.278 -0.0475694 
0.2784 -0.0475591 
0.2788 -0.0475294 
0.2792 -0.0474243 
0.2796 -0.0474378 
0.28 -0.0474703 
0.2804 -0.0474685 
0.2808 -0.0474958 
0.2812 -0.0474734 
0.2816 -0.0474855 
0.282 -0.0475172 
0.2824 -0.0475221 
0.2828 -0.0475025 
0.2832 -0.0475389 
0.2836 -0.0475689 
0.284 -0.0476542 
0.2844 -0.047723 
0.2848 -0.0477151 
0.2852 -0.0477385 
0.2856 -0.0477613 
0.286 -0.0477411 
0.2864 -0.0478148 
0.2868 -0.0478491 
0.2872 -0.0478952 
0.2876 -0.0479162 
0.288 -0.0479168 
0.2884 -0.0479206 
0.2888 -0.0479932 
0.2892 -0.0480389 
0.2896 -0.048118 
0.29 -0.0481791 
0.2904 -0.0481875 
0.2908 -0.0481412 
0.2912 -0.0481853 
0.2916 -0.0481708 
0.292 -0.0481441 
0.2924 -0.0481451 
0.2928 -0.0480932 
0.2932 -0.0480371 
0.2936 -0.0480125 
0.294 -0.0479299 
0.2944 -0.0479851 
0.2948 -0.0480523 
0.2952 -0.0481195 
0.2956 -0.0481392 
0.296 -0.0481281 
0.2964 -0.0480771 
0.2968 -0.048088 
0.2972 -0.0480705 
0.2976 -0.0480613 
0.298 -0.0480832 
0.2984 -0.0480311 
0.2988 -0.0479844 
0.2992 -0.0479747 
0.2996 -0.0479787 
0.3 -0.0480144 
0.3004 -0.0481224 
0.3008 -0.0481942 
0.3012 -0.0482277 
0.3016 -0.0482442 
0.302 -0.0481578 
0.3024 -0.0481235 
0.3028 -0.0480937 
0.3032 -0.0481326 
0.3036 -0.0481728 
0.304 -0.0481844 
0.3044 -0.0481667 
0.3048 -0.0481596 
0.3052 -0.048148 
0.3056 -0.0481666 
0.306 -0.0482337 
0.3064 -0.0482891 
0.3068 -0.0483713 
0.3072 -0.0484878 
0.3076 -0.0485285 
0.308 -0.0485422 
0.3084 -0.048599 
0.3088 -0.0485546 
0.3092 -0.0485228 
0.3096 -0.0484522 
0.31 -0.0483743 
0.3104 -0.0483938 
0.3108 -0.0483404 
0.3112 -0.0483125 
0.3116 -0.048332 
0.312 -0.0482802 
0.3124 -0.0483545 
0.3128 -0.0484337 
0.3132 -0.0484801 
0.3136 -0.0484923 
0.314 -0.0484966 
0.3144 -0.048431 
0.3148 -0.0484249 
0.3152 -0.0483584 
0.3156 -0.0483008 
0.316 -0.048379 
0.3164 -0.0484094 
0.3168 -0.0484538 
0.3172 -0.0485065 
0.3176 -0.0485403 
0.318 -0.0485614 
0.3184 -0.0486345 
0.3188 -0.0486551 
0.3192 -0.048626 
0.3196 -0.0487055 
0.32 -0.0487143 
0.3204 -0.0487896 
0.3208 -0.0488586 
0.3212 -0.048864 
0.3216 -0.0488166 
0.322 -0.048796 
0.3224 -0.0487865 
0.3228 -0.0488203 
0.3232 -0.0488543 
0.3236 -0.0488736 
0.324 -0.0488612 
0.3244 -0.0487601 
0.3248 -0.0487067 
0.3252 -0.0487383 
0.3256 -0.0488259 
0.326 -0.0488889 
0.3264 -0.048895 
0.3268 -0.0488469 
0.3272 -0.0488164 
0.3276 -0.0487779 
0.328 -0.048748 
0.3284 -0.0488113 
0.3288 -0.0488285 
0.3292 -0.0488099 
0.3296 -0.0488306 
0.33 -0.0488492 
0.3304 -0.0488206 
0.3308 -0.0487499 
0.3312 -0.0487197 
0.3316 -0.048715 
0.332 -0.0488149 
0.3324 -0.0488479 
0.3328 -0.0488724 
0.3332 -0.0488712 
0.3336 -0.0487477 
0.334 -0.0486694 
0.3344 -0.0487021 
0.3348 -0.0487605 
0.3352 -0.0487308 
0.3356 -0.048784 
0.336 -0.0487881 
0.3364 -0.0488226 
0.3368 -0.048828 
0.3372 -0.0487919 
0.3376 -0.0488196 
0.338 -0.0488043 
0.3384 -0.048783 
0.3388 -0.0488499 
0.3392 -0.0489301 
0.3396 -0.0489443 
0.34 -0.0490043 
0.3404 -0.0489848 
0.3408 -0.0489415 
0.3412 -0.048933 
0.3416 -0.0489281 
0.342 -0.0489867 
0.3424 -0.0490565 
0.3428 -0.049014 
0.3432 -0.0490314 
0.3436 -0.0490292 
0.344 -0.0490197 
0.3444 -0.0489858 
0.3448 -0.0489059 
0.3452 -0.0489501 
0.3456 -0.0489486 
0.346 -0.0489429 
0.3464 -0.0489916 
0.3468 -0.0489986 
0.3472 -0.0489465 
0.3476 -0.0489275 
0.348 -0.0488982 
0.3484 -0.0488765 
0.3488 -0.0488257 
0.3492 -0.0489302 
0.3496 -0.048936 
0.35 -0.0490029 
0.3504 -0.0490196 
0.3508 -0.0490222 
0.3512 -0.0490088 
0.3516 -0.0490811 
0.352 -0.0490339 
0.3524 -0.0489907 
0.3528 -0.0489499 
0.3532 -0.0489836 
0.3536 -0.0490577 
0.354 -0.0490293 
0.3544 -0.0490184 
0.3548 -0.0489967 
0.3552 -0.0489447 
0.3556 -0.0490227 
0.356 -0.0491063 
0.3564 -0.0491354 
0.3568 -0.0491444 
0.3572 -0.0491749 
0.3576 -0.0491945 
0.358 -0.049214 
0.3584 -0.0492123 
0.3588 -0.0491774 
0.3592 -0.0491736 
0.3596 -0.0491592 
0.36 -0.0491952 
0.3604 -0.0492067 
0.3608 -0.0491817 
0.3612 -0.0491125 
0.3616 -0.0491023 
0.362 -0.0490885 
0.3624 -0.0491204 
0.3628 -0.0491468 
0.3632 -0.0491273 
0.3636 -0.0491605 
0.364 -0.049162 
0.3644 -0.0490902 
0.3648 -0.0490953 
0.3652 -0.0491166 
0.3656 -0.0491051 
0.366 -0.0491145 
0.3664 -0.0491846 
0.3668 -0.0491542 
0.3672 -0.0492112 
0.3676 -0.0492223 
0.368 -0.0492337 
0.3684 -0.0492393 
0.3688 -0.0491675 
0.3692 -0.0491438 
0.3696 -0.0491723 
0.37 -0.0491594 
0.3704 -0.0491014 
0.3708 -0.0491138 
0.3712 -0.0490656 
0.3716 -0.049107 
0.372 -0.0491441 
0.3724 -0.0491746 
0.3728 -0.0491993 
0.3732 -0.0492181 
0.3736 -0.0492468 
0.374 -0.0492711 
0.3744 -0.0492413 
0.3748 -0.0491606 
0.3752 -0.0491469 
0.3756 -0.049121 
0.376 -0.0491302 
0.3764 -0.0490774 
0.3768 -0.0490008 
0.3772 -0.0490333 
0.3776 -0.0490479 
0.378 -0.0489995 
0.3784 -0.049035 
0.3788 -0.0491112 
0.3792 -0.0490826 
0.3796 -0.049076 
0.38 -0.0490813 
0.3804 -0.0490231 
0.3808 -0.0490623 
0.3812 -0.0489484 
0.3816 -0.0489787 
0.382 -0.0490502 
0.3824 -0.0490926 
0.3828 -0.0490913 
0.3832 -0.0491335 
0.3836 -0.049147 
0.384 -0.0491918 
0.3844 -0.0492302 
0.3848 -0.049193 
0.3852 -0.0491927 
0.3856 -0.0492149 
0.386 -0.0492204 
0.3864 -0.0492456 
0.3868 -0.049197 
0.3872 -0.0491306 
0.3876 -0.0491595 
0.388 -0.0491731 
0.3884 -0.049189 
0.3888 -0.0492797 
0.3892 -0.0493316 
0.3896 -0.0493807 
0.39 -0.0494412 
0.3904 -0.0493925 
0.3908 -0.0493922 
0.3912 -0.049426 
0.3916 -0.0494502 
0.392 -0.0493958 
0.3924 -0.0493583 
0.3928 -0.0493359 
0.3932 -0.0492983 
0.3936 -0.0492599 
0.394 -0.0491962 
0.3944 -0.0492166 
0.3948 -0.0492163 
0.3952 -0.0492173 
0.3956 -0.0492953 
0.396 -0.0493359 
0.3964 -0.0493694 
0.3968 -0.0494987 
0.3972 -0.0494609 
0.3976 -0.0494218 
0.398 -0.0494396 
0.3984 -0.0493691 
0.3988 -0.0493207 
0.3992 -0.0493505 
0.3996 -0.0493446 
0.4 -0.0493472 
